 576.518405
 590.936220
 595.812629
 597.161096
 600.947093
 605.052186
 604.069009
 610.668377
 614.186479
  617.329679
  616.994496
  619.363790
  622.878321
  622.633991
  623.177207
  628.507859
  628.847762
  628.918951
  613.963997
  632.299103
  635.457243
  636.152549
  632.151211
  637.820186
  638.353558
  637.970743
  638.117299
  641.366881
  642.677652
  640.524718
  637.393316
  643.053734
  644.682977
  642.252508
  643.239871
  645.082216
  643.695326
  642.528994
  642.553766
  645.590296
  644.450316
  643.392997
  646.859819
  645.207079
  645.448619
  645.319498
  644.691290
  647.060727
  647.710344
  646.378985
  645.419458
  646.621403
  647.060727
  645.040605
  646.395698
  648.319232
  647.182169
  644.458622
  649.633282
  649.802135
  647.634838
  645.311169
  649.840139
  648.563108
  648.193162
  644.304988
  648.478993
  650.144332
  648.811378
  646.558691
  648.651454
  648.777703
  649.388601
  646.529430
  648.819797
  646.629766
  646.378985
  639.529306
  648.504225
  649.017712
