 946.941571
 1007.077798
 1041.738924
 1095.625459
 1157.833012
 1217.653836
 1287.850559
 1352.006649
 1408.070169
  1470.081876
  1519.188127
  1588.171408
  1643.033907
  1685.535515
  1754.336723
  1819.978350
  1858.259683
  1929.348185
  1986.807959
  2031.199357
  2095.892439
  2136.337134
  2184.952222
  2244.788679
  2278.890977
  2336.524692
  2364.195673
  2399.406232
  2452.587972
  2485.652863
  2513.837633
  2559.266421
  2572.626324
  2612.509039
  2648.165952
  2687.405748
  2688.563009
  2720.156320
  2761.623132
  2782.503173
  2781.172698
  2821.122030
  2846.666168
  2840.117300
  2863.894847
  2866.753004
  2902.626142
  2902.293522
  2926.315389
  2938.948745
  2944.983968
  2940.521597
  2970.900753
  2953.475024
  2966.491712
  2978.671169
  2995.181720
  3002.797528
  2995.832034
  2990.680004
  3017.790882
  3003.614189
  2984.244271
  3036.727216
  3045.970037
  3042.815340
  3021.815408
  3047.574637
  3052.078971
  3049.846930
  3066.115057
  3057.774473
  3041.395731
  3051.186024
  3048.895634
  3056.542451
  3056.127618
  3079.229906
  3041.051167
  3069.831524
