dag slices	hash rate			cacheHitPercentage
1			130.20833333333334	0
1			128.12299807815504	0
1 			124.68827930174564	0
1			129.19896640826872	0
1			126.82308180088775	0

10			130.3780964797914	0
10			131.83915622940012	0
10			125					0
10			130.3780964797914	0
10			129.53367875647666	0

100			126.6624445851805	0
100			129.78585334198573	0
100			122.69938650306749	0
100			127.7139208173691	0
100			132.1003963011889	0

1000		129.03225806451613	0
1000		114.02508551881414	0.000078125
1000		130.54830287206266	0
1000		129.19896640826872	0
1000		123.76237623762376	0

10000		107.9913606911447	0.000234375
10000		129.53367875647666	0
10000		94.56264775413712	0.000078125
10000		93.6768149882904	0.0003125
10000		96.06147934678194	0.000078125

100000		86.31851532153648	0.002421875
100000		84.60236886632826	0.002421875
100000		88.0281690140845	0.0025
100000		88.57395925597875	0.002265625
100000		88.7705281846427	0.0025

1000000		98.86307464162135	0.026484375
1000000		97.27626459143968	0.025
1000000		89.20606601248885	0.02484375
1000000		93.02325581395348	0.025703125
1000000		92.85051067780873	0.025546875

10000000	takes over 15 mins to transfer
10000000
10000000
10000000
10000000

------------------------------------after optimizations--------------------------------------------

1			
1			
1 			
1			
1			

10			
10			
10			
10			
10			

100			
100			
100			
100			
100			

1000		
1000		
1000		
1000		
1000		

10000		
10000		
10000
10000
10000

100000
100000
100000
100000
100000

1000000
1000000
1000000
1000000
1000000
1000000