		100									1000								10000
1		123.15270935960591	0				112.15791834903546	0				124.95470391982906	0
		127.38853503184713	0				124.73493825620557	0				114.4243311897842	0
		124.37810945273633	0				127.17792191275595	0				131.52875876310355	0

10		113.37868480725623	0				118.38522552385463	0				124.02024010318483	0
		119.47431302270012	0				118.16140848398913	0				122.42899118511264	0
		122.69938650306749	0				119.86096128490951	0
100		
1000	
10000	
100000	

1000000	123.45679012345678	0.02640625		134.04825737265415	0.026203125		134.3742861366049	0.026178125
		129.87012987012986	0.02625			127.17792191275595	0.025140625		135.37295248409367	0.026040625
		128.86597938144328	0.02390625		128.53470437017995	0.025578125		135.18811426099415	0.025684375







		Extra runs:
1		128.53470437017995	0		126.69453946534904	0	127.17953935570844	0