429.3688278231
429.55326460481103
429.03724043246956
430.40371868812946
430.0890284288848
429.95958379912287
429.55326460481103
430.2185510239202
430.31111493609876
 429.9410980695645
 430.2000430200043
 429.88565041698905
 429.55326460481103
 427.60626015564867
 428.3755997258396
 430.7930900788352
 430.16303178904803
 429.9410980695645
 430.1815366084487
 430.5148958153952
 429.79326943740057
 430.5705059203445
 430.5705059203445
 430.1075268817204
 430.1260269258893
 429.7009281540048
 430.5148958153952
 430.2000430200043
 430.40371868812946
 430.3296324984939
 430.66322136089576
 429.978071118373
 430.05203629639186
 430.44077134986225
 430.6817692407081
 430.2000430200043
 430.1075268817204
 430.3296324984939
 429.79326943740057
 429.978071118373
 429.99656002751976
 430.42224422158137
 430.05203629639186
 430.1260269258893
 429.77479800584496
 430.01505052676845
 430.7559767391773
 430.070531567177
 430.36667240488896
 430.070531567177
 430.2000430200043
 429.8486932599725
 429.5163645734903
 429.77479800584496
 429.9410980695645
 430.05203629639186
 430.070531567177
 430.070531567177
 427.89901583226356
 429.9226139294927
 425.4051984515251
 429.99656002751976
 429.46102641185314
 429.62708369135595
 430.25557180965495
 430.34815165468865
 429.6455424274973
 430.25557180965495
 430.25557180965495
 430.03354261632404
 429.95958379912287
 429.7009281540048
 430.23706062040185
 430.42224422158137
 430.05203629639186
 430.16303178904803
 429.9041313787026
 430.070531567177
 430.45930007317804
 423.405876873571
